

before pick 

 0.2980975075947061, -2.282429625421406, -2.194473723686823, 1.3350733884099304, 1.2734313197322464, -1.5698656998835263

1 before place;
-1.1502369920030215, 0.649738662936385, -2.619892590089224,  -1.1697606210772378, -0.4214879530672384, 1.5693546347545073

2 before place
0.04229261372418325, 0.6498033305152884, -2.61953186572908,   -1.1714516300231725, -1.613094012263364, 1.5699438325817896

3 before place
-1.150296251873522, 0.08147579063831412, -2.298745065049742, -0.9254635763356909, -0.4199843552107412, 1.5718664681381433

4 before placde
-1.9909089969467022, -1.07263546094957, -2.299193458639359, 0.22803407921439067, 0.4191972024687525, 1.5734678241705957